8589934583
8589934567
8589934543
8589934513
8589934487
8589934307
8589934291
8589934289
8589934271
8589934237
8589934211
8589934207
8589934201
8589934187
8589934151
8589934141
8589934139
8589934117
8589934103
8589934099
8589934091
8589934069
8589934049
8589934027
8589934007
8589933973
8589933971
8589933967
8589933931
8589933917
8589933907
8589933853
8589933827
8589933823
8589933787
8589933773
8589933733
8589933731
8589933721
8589933683
8589933647
8589933641
8589933637
8589933631
8589933629
8589933619
8589933601
8589933581
8589933551
8589933491
8589933479
8589933419
8589933397
8589933379
8589933377
8589933353
8589933347
8589933337
8589933323
8589933311
8589933271
8589933241
8589933229
8589933223
8589933217
8589933173
8589933113
8589933109
8589933103
8589933101
8589933097
8589933047
8589932999
8589932903
8589932899
8589932891
8589932881
8589932867
8589932801
8589932789
8589932783
8589932777
8589932761
8589932753
8589932731
8589932723
8589932719
8589932713
8589932707
8589932627
8589932531
8589932503
8589932489
8589932473
8589932459
8589932437
8589932369
8589932333
8589932279
8589932237
